e=2.71828
pi=3.141592
g=9.81
a=1
b=2