e=2.71828
π=3.141592
g=9.81